	temperature	humidity
0	33.5	75.5
1	30.9	84.6
2	28.9	90.5
3	28.1	89.0
4	31.0	83.7
5	28.2	88.5
6	27.2	88.9
7	33.0	76.6
8	34.9	69.3
9	31.1	71.2
10	28.6	82.9
11	27.6	88.3
12	33.8	75.4
13	33.0	70.7
14	30.9	71.9
15	29.1	83.8
16	28.1	89.6
17	29.6	85.9
18	28.4	88.3
19	34.4	76.8
20	34.9	72.4
21	32.2	73.2
22	29.5	78.1
23	28.4	80.2
24	32.2	75.4
25	29.1	84.3
26	28.4	86.5
27	33.9	77.1
28	33.2	73.5
29	31.7	75.1
30	29.0	81.1
31	27.6	85.0
32	33.2	72.8
33	34.7	65.2
34	31.4	69.7
35	28.8	81.3
36	28.2	83.5
37	34.2	70.0
38	35.0	60.0
39	30.0	72.0
40	29.1	81.6
41	27.9	82.5
42	32.6	67.1
43	33.7	63.5
44	31.1	71.9
45	29.5	80.1
46	29.7	81.4
47	28.6	83.3
48	33.3	70.1
49	34.5	66.3
50	32.0	70.8
51	29.8	80.6
52	28.7	83.7
53	33.5	70.6
54	34.3	63.2
55	31.5	69.1
56	34.1	73.5
57	34.8	66.1
58	32.3	68.9
59	28.9	82.9
60	28.7	83.4
61	31.9	72.4
62	33.0	69.1
63	30.5	74.7
64	28.9	81.8
65	28.8	81.0
66	31.2	72.6
67	31.3	73.4
68	29.4	78.9
69	29.3	82.6
70	28.9	85.5
71	30.9	78.1
72	31.4	77.2
73	28.9	84.7
74	28.9	85.1
75	28.4	86.6
